0
1
7
8
9
13
15
16
17
20
22
23
26
28
29
32
33
35
36
37
40
42
43
48
49
51
52
53
55
57
60
63
65
66
67
70
71
72
73
75
79
80
81
82
86
87
89
90
91
92
93
94
95
98
100
103
105
106
108
109
110
111
114
115
117
118
122
123
126
127
128
130
131
133
135
137
138
140
145
146
149
150
151
152
153
155
158
160
161
163
164
165
166
167
168
169
171
175
177
182
184
185
186
187
188
189
190
191
193
196
199
200
204
205
207
208
210
211
213
216
217
218
219
221
222
223
225
226
227
228
234
236
246
248
250
252
254
259
260
261
263
264
265
266
267
268
269
271
272
273
274
275
277
278
281
282
283
287
290
291
293
294
295
297
298
299
301
305
307
308
309
310
312
313
314
315
317
318
319
321
322
323
325
326
327
331
332
333
334
335
337
338
340
342
344
346
349
350
351
352
355
358
360
362
365
366
368
374
376
378
379
380
385
386
388
389
390
393
394
395
397
398
400
401
402
403
404
406
407
408
409
411
412
413
414
416
417
418
420
422
423
425
426
427
428
429
430
431
432
434
440
441
444
445
447
448
449
450
452
453
454
455
457
458
459
460
461
463
466
467
468
469
470
471
472
473
474
475
478
483
488
489
490
491
497
499
500
501
506
508
511
512
513
514
516
517
519
521
522
523
527
533
534
536
537
538
542
543
544
547
548
550
551
555
556
557
558
559
560
561
562
564
566
567
570
571
572
573
575
576
581
582
583
584
585
586
589
590
592
594
595
597
599
600
601
606
607
608
610
612
613
614
615
617
618
621
623
624
625
626
627
631
633
634
635
637
640
642
647
648
650
653
654
655
658
659
660
662
664
666
667
669
670
671